-7.266884352884040998e-01
-7.623637188320192548e-01
-5.277250097864172997e-16
1.414210180506958903e+00
-7.180604752297996621e-03
1.414451167370041729e+00
-7.270800375253291259e-01
-7.623654991461837893e-01
1.366022137152596239e+00
3.660245284930747633e-01
-7.180604752297996621e-03
1.414451167370041729e+00
-7.274716397622540409e-01
-7.623672794603482128e-01
7.071050902534794513e-01
-1.224741942609603118e+00
-7.180604752297996621e-03
1.414451167370041729e+00
-7.278632419991788449e-01
-7.623690597745126363e-01
-9.999976086595221414e-01
-9.999976086595229186e-01
-7.180604752297996621e-03
1.414451167370041729e+00
-7.282548442361037599e-01
-7.623708400886770598e-01
-1.224741942609604006e+00
7.071050902534784521e-01
-7.180604752297996621e-03
1.414451167370041729e+00
-7.286464464730286750e-01
-7.623726204028414832e-01
3.660245284930733756e-01
1.366022137152596905e+00
-7.180604752297996621e-03
1.414451167370041729e+00
-7.290380487099537010e-01
-7.623744007170059067e-01
1.414210180506958681e+00
1.566932573879257752e-15
-7.180604752297996621e-03
1.414451167370041729e+00
-7.294296509468785050e-01
-7.623761810311703302e-01
3.660245284930765952e-01
-1.366022137152596239e+00
-7.180604752297996621e-03
1.414451167370041729e+00
-7.298212531838034201e-01
-7.623779613453347537e-01
-1.224741942609602452e+00
-7.071050902534815608e-01
-7.180604752297996621e-03
1.414451167370041729e+00
-7.302128554207283351e-01
-7.623797416594991772e-01
-9.999976086595239178e-01
9.999976086595206981e-01
-7.180604752297996621e-03
1.414451167370041729e+00
-7.306044576576532501e-01
-7.623815219736636006e-01
7.071050902534776750e-01
1.224741942609603562e+00
-7.180604752297996621e-03
1.414451167370041729e+00
-7.309960598945781651e-01
-7.623833022878280241e-01
1.366022137152596683e+00
-3.660245284930735976e-01
-7.180604752297996621e-03
1.414451167370041729e+00
-7.308035247047115490e-01
-7.623850826019924476e-01
2.850370902146305973e-15
-1.414210180506959125e+00
-7.180604752297996621e-03
1.414451167370041729e+00
-7.306109895148448219e-01
-7.623868629161568711e-01
-1.366022137152597127e+00
-3.660245284930753185e-01
-7.180604752297996621e-03
1.414451167370041729e+00
-7.304184543249782058e-01
-7.623886432303212946e-01
-7.071050902534845584e-01
1.224741942609600232e+00
-7.180604752297996621e-03
1.414451167370041729e+00
-7.302259191351115897e-01
-7.623904235444856070e-01
9.999976086595183666e-01
9.999976086595253610e-01
-7.180604752297996621e-03
1.414451167370041729e+00
-7.310092086574152548e-01
-7.623922038586501415e-01
1.224741942609604894e+00
-7.071050902534757876e-01
-7.180604752297996621e-03
1.414451167370041729e+00
-7.311590593049064335e-01
-7.623939841728145650e-01
-3.660245284930711551e-01
-1.366022137152598237e+00
-7.180604752297996621e-03
1.414451167370041729e+00
-7.302102699831927168e-01
-7.623957644869789885e-01
-1.414210180506959791e+00
-3.933188286739688989e-15
-7.180604752297996621e-03
1.414451167370041729e+00
-7.295334727091969951e-01
-7.623975448011433009e-01
-3.660245284930785381e-01
1.366022137152595795e+00
-7.180604752297996621e-03
1.414451167370041729e+00
-7.287251906437494098e-01
-7.623993251153078354e-01
1.224741942609601120e+00
7.071050902534820048e-01
-7.180604752297996621e-03
1.414451167370041729e+00
-7.282257475879149178e-01
-7.624011054294722589e-01
9.999976086595236957e-01
-9.999976086595203650e-01
-7.180604752297996621e-03
1.414451167370041729e+00
-7.283827206740259852e-01
-7.624028857436366824e-01
-7.071050902534780080e-01
-1.224741942609604450e+00
-7.180604752297996621e-03
1.414451167370041729e+00
-7.290104215264682219e-01
-7.624046660578009948e-01
-1.366022137152599125e+00
3.660245284930676579e-01
-7.180604752297996621e-03
1.414451167370041729e+00
-7.292206698151483257e-01
-7.624064463719655294e-01
-7.283916833651864339e-15
1.414210180506958903e+00
-7.180604752297996621e-03
1.414451167370041729e+00
-7.295242747100473268e-01
-7.624082266861299528e-01
1.366022137152596017e+00
3.660245284930758181e-01
-7.180604752297996621e-03
1.414451167370041729e+00
-7.310096448336413921e-01
-7.624100070002943763e-01
7.071050902534800064e-01
-1.224741942609602674e+00
-7.180604752297996621e-03
1.414451167370041729e+00
-7.309608782584245956e-01
-7.624117873144586888e-01
-9.999976086595221414e-01
-9.999976086595229186e-01
-7.180604752297996621e-03
1.414451167370041729e+00
-7.309121116832079101e-01
-7.624135676286232233e-01
-1.224741942609608891e+00
7.071050902534703475e-01
-7.180604752297996621e-03
1.414451167370041729e+00
-7.308633451079912247e-01
-7.624153479427876468e-01
3.660245284930644383e-01
1.366022137152599125e+00
-7.180604752297996621e-03
1.414451167370041729e+00
-7.308145785327745392e-01
-7.624171282569520702e-01
1.414210180506958681e+00
9.579195360991205286e-15
-7.180604752297996621e-03
1.414451167370041729e+00
-7.307658119575578537e-01
-7.624189085711164937e-01
3.660245284930832010e-01
-1.366022137152594462e+00
-7.180604752297996621e-03
1.414451167370041729e+00
-7.307170453823410572e-01
-7.624206888852809172e-01
-1.224741942609599121e+00
-7.071050902534875560e-01
-7.180604752297996621e-03
1.414451167370041729e+00
-7.306682788071244827e-01
-7.624224691994453407e-01
-9.999976086595288027e-01
9.999976086595159241e-01
-7.180604752297996621e-03
1.414451167370041729e+00
-7.306195122319076862e-01
-7.624242495136097642e-01
7.071050902534717908e-01
1.224741942609607115e+00
-7.180604752297996621e-03
1.414451167370041729e+00
-7.305707456566910007e-01
-7.624260298277740766e-01
1.366022137152598459e+00
-3.660245284930671028e-01
-7.180604752297996621e-03
1.414451167370041729e+00
-7.305219790814743153e-01
-7.624278101419386111e-01
7.094420799518753501e-15
-1.414210180506959125e+00
-7.180604752297996621e-03
1.414451167370041729e+00
-7.304732125062576298e-01
-7.624295904561030346e-01
-1.366022137152595572e+00
-3.660245284930818688e-01
-7.180604752297996621e-03
1.414451167370041729e+00
-7.304244459310409443e-01
-7.624313707702673470e-01
-7.071050902534860017e-01
1.224741942609599343e+00
-7.180604752297996621e-03
1.414451167370041729e+00
-7.303756793558241478e-01
-7.624331510844318816e-01
9.999976086595170344e-01
9.999976086595266933e-01
-7.180604752297996621e-03
1.414451167370041729e+00
-7.301246844060954588e-01
-7.624349313985963050e-01
1.224741942609605783e+00
-7.071050902534742333e-01
-7.180604752297996621e-03
1.414451167370041729e+00
-7.291974709137538646e-01
-7.624367117127607285e-01
-3.660245284930695453e-01
-1.366022137152598459e+00
-7.180604752297996621e-03
1.414451167370041729e+00
-7.298763738905390541e-01
-7.624384920269250410e-01
-1.414210180506959791e+00
-5.665096257619137696e-15
-7.180604752297996621e-03
1.414451167370041729e+00
-7.302465449513863005e-01
-7.624402723410895755e-01
-3.660245284930802034e-01
1.366022137152595350e+00
-7.180604752297996621e-03
1.414451167370041729e+00
-7.309236574779555129e-01
-7.624420526552539989e-01
1.224741942609600232e+00
7.071050902534835592e-01
-7.180604752297996621e-03
1.414451167370041729e+00
-7.309251080137496581e-01
-7.624438329694184224e-01
9.999976086595249170e-01
-9.999976086595191438e-01
-7.180604752297996621e-03
1.414451167370041729e+00
-7.309265585495439144e-01
-7.624456132835827349e-01
-7.071050902534677940e-01
-1.224741942609610446e+00
-7.180604752297996621e-03
1.414451167370041729e+00
-7.309280090853380596e-01
-7.624473935977472694e-01
-1.366022137152600902e+00
3.660245284930611076e-01
-7.180604752297996621e-03
1.414451167370041729e+00
-7.309294596211323158e-01
-7.624491739119116929e-01
-1.404010865751731148e-14
1.414210180506958903e+00
-7.180604752297996621e-03
1.414451167370041729e+00
-7.309309101569264611e-01
-7.624509542260761163e-01
1.366022137152595572e+00
3.660245284930775389e-01
-7.180604752297996621e-03
1.414451167370041729e+00
-7.309323606927207173e-01
-7.624527345402404288e-01
7.071050902534814497e-01
-1.224741942609602008e+00
-7.180604752297996621e-03
1.414451167370041729e+00
-7.309338112285149736e-01
-7.624545148544049633e-01
-9.999976086595210312e-01
-9.999976086595239178e-01
-7.180604752297996621e-03
1.414451167370041729e+00
-7.309352617643091188e-01
-7.624562951685693868e-01
-1.224741942609604672e+00
7.071050902534775640e-01
-7.180604752297996621e-03
1.414451167370041729e+00
-7.309367123001033750e-01
-7.624580754827338103e-01
3.660245284930724319e-01
1.366022137152597127e+00
-7.180604752297996621e-03
1.414451167370041729e+00
-7.309381628358975203e-01
-7.624598557968981227e-01
1.414210180506958681e+00
1.262535625898654172e-15
-7.180604752297996621e-03
1.414451167370041729e+00
-7.309396133716916655e-01
-7.624616361110626572e-01
3.660245284930944698e-01
-1.366022137152591576e+00
-7.180604752297996621e-03
1.414451167370041729e+00
-7.310560502606484601e-01
-7.624634164252270807e-01
-1.224741942609593126e+00
-7.071050902534977700e-01
-7.180604752297996621e-03
1.414451167370041729e+00
-7.311724871496051437e-01
-7.624651967393913932e-01
-9.999976086595371294e-01
9.999976086595075975e-01
-7.180604752297996621e-03
1.414451167370041729e+00
-7.311829319744548306e-01
-7.624669770535559277e-01
7.071050902534615767e-01
1.224741942609612888e+00
-7.180604752297996621e-03
1.414451167370041729e+00
-7.311933767993045175e-01
-7.624687573677203511e-01
1.366022137152601346e+00
-3.660245284930557230e-01
-7.180604752297996621e-03
1.414451167370041729e+00
-7.312038216241542044e-01
-7.624705376818847746e-01
1.887489647637019986e-14
-1.414210180506959125e+00
-7.180604752297996621e-03
1.414451167370041729e+00
-7.310885435573203361e-01
-7.624723179960490871e-01
-1.366022137152592242e+00
-3.660245284930932486e-01
-7.180604752297996621e-03
1.414451167370041729e+00
-7.309732654904862459e-01
-7.624740983102135106e-01
-7.071050902534962157e-01
1.224741942609593570e+00
-7.180604752297996621e-03
1.414451167370041729e+00
-7.308579874236523777e-01
-7.624758786243780451e-01
9.999976086595087077e-01
9.999976086595349090e-01
-7.180604752297996621e-03
1.414451167370041729e+00
-7.307427093568183984e-01
-7.624776589385424685e-01
1.224741942609611556e+00
-7.071050902534640192e-01
-7.180604752297996621e-03
1.414451167370041729e+00
-7.306274312899844192e-01
-7.624794392527067810e-01
-3.660245284930581655e-01
-1.366022137152601568e+00
-7.180604752297996621e-03
1.414451167370041729e+00
-7.305121532231504400e-01
-7.624812195668713155e-01
-1.414210180506959791e+00
-1.744557193447058327e-14
-7.180604752297996621e-03
1.414451167370041729e+00
-7.303968751563164608e-01
-7.624829998810357390e-01
-3.660245284930915832e-01
1.366022137152592242e+00
-7.180604752297996621e-03
1.414451167370041729e+00
-7.302815970894824815e-01
-7.624847801952001625e-01
1.224741942609594236e+00
7.071050902534937732e-01
-7.180604752297996621e-03
1.414451167370041729e+00
-7.301663190226485023e-01
-7.624865605093644749e-01
9.999976086595332436e-01
-9.999976086595108171e-01
-7.180604752297996621e-03
1.414451167370041729e+00
-7.241356004185496298e-01
-7.624883408235288984e-01
-7.071050902534662397e-01
-1.224741942609611112e+00
-7.180604752297996621e-03
1.414451167370041729e+00
-7.174587948929244119e-01
-7.624901211376934329e-01
-1.366022137152601346e+00
3.660245284930594978e-01
-7.180604752297996621e-03
1.414451167370041729e+00
